Tue 10 Mar 14:51:57 GMT 2026: Geth Heal at 13092841 trienodes
Wed 11 Mar 13:14:04 GMT 2026: 0.2253294948416743
0.2464416502137497
0.2800152025235615
0.3112813533059829
0.3441554073275578
0.3641973176187842
0.3741704455815609
0.3823827671499255
0.3854944685143177
0.3918035408883551
0.4094502235616047
0.4312036681968269
0.4535832683487601
0.4730883957319803
0.4956256818530718
0.520142439044164
0.544863644394025
0.5669956908301137
0.5894839294128587
0.6126376062440532
0.6320420736011505
0.6510603790600844
0.6725882185981811
0.6901185238508019
0.7043920333937036
0.7223075630424719
0.7475678677530083
0.7711499469894814
0.7918508237339499
0.8128512541019175
0.8298141497393935
0.8350259164624436
0.8452266773306981
0.8550250229314093
0.8777341174343489
0.9015209398384278
0.9273198334551368
0.9535434025585573
0.9838373166340336
0.9999989427507101
0.9999976618873234
0.9999931585383586
0.9999940887516164
0.9999991206967429
0.9999996442229466
0.9999923051452682
0.9999975909279424
0.9999976926099984
0.999994734738728
0.9999972505242545
0.9999983279677997
0.999986908566674
0.9999993952305368
0.9999983330896373
0.9999997103273514
0.9999993850883597
0.9999970169757151
0.9999917319897595
0.999998968409279
0.9999982874682591
0.9999980486580885
0.9999959399044412
0.9999982469051837
0.9999885923543619
0.9999951168421018
0.999995508122086
0.9999949847842994
0.9999963923251171
0.9999970122751898
0.999998196201409
0.9999994664859453
0.9999960012474578
0.9999991870455978
0.9999981150047832
0.9999955035151725
0.9999962148948629
0.9999966721861592
0.9999987247825213
0.9999942438548778
0.9999942642555743
0.999997988195959
0.999996855320381
0.9999973735409914
0.999997551437617
0.9999992684860961
0.999999197381549
0.9999988722762964
0.999999532664047
0.9999988316773287
0.9999986691480502
0.9999959059094967
0.9999992076080375
0.9999966577972095
0.9999959518548471
0.9999976077237979
0.9999996190686943
0.999999243222677
0.9999942251908631
0.9999946366264247
0.9999963381230693
0.9999967444821053
0.9999917774881409
0.9999984713025022
0.9999987506482116
0.9999948401208086
0.9999983088299809
0.9999987608438571
0.9999961759385098
0.9999987557930528
0.9999985222143984
0.9999947136270377
0.9999984460916768
0.9999988726680917
0.9999988879080478
0.9999930533699176
0.9999960646090478
0.9999979637548544
0.9999998527436809
0.999991494812515
0.9999978775321239
0.9999965980113364
0.9999958364303
